25;24;1740
24;25;1740
23;24;1400
24;23;1400
22;23;900
23;22;900
21;22;1270
22;21;1270
20;21;1710
21;20;1710
19;20;1530
20;19;1530
18;19;1050
19;18;1050
17;18;1500
18;17;1500
16;17;1320
17;16;1320
15;16;790
16;15;790
14;15;880
15;14;880
13;14;790
14;13;790
12;13;880
13;12;880
11;12;720
12;11;720
10;11;450
11;10;450
9;10;501
10;9;501
8;9;880
9;8;880
7;8;870
8;7;870
6;7;970
7;6;970
5;6;550
6;5;550
4;5;370
5;4;370
3;4;710
4;3;710
2;3;630
3;2;630
1;2;820
2;1;820
74;73;2040
73;74;2040
72;73;860
73;72;860
71;72;2280
72;71;2280
70;71;1780
71;70;1780
69;70;1690
70;69;1690
68;69;2100
69;68;2100
55;68;2490
68;55;2490
56;57;1530
57;56;1530
55;56;1770
56;55;1770
54;55;1110
55;54;1110
53;54;2060
54;53;2060
52;53;1160
53;52;1160
51;52;870
52;51;870
50;51;610
51;50;610
49;50;690
50;49;690
48;49;900
49;48;900
47;48;1200
48;47;1200
46;47;550
47;46;550
45;46;660
46;45;660
44;45;580
45;44;580
43;44;880
44;43;880
42;43;400
43;42;400
41;42;1030
42;41;1030
40;41;740
41;40;740
39;40;740
40;39;740
38;39;2270
39;38;2270
37;38;1640
38;37;1640
36;37;2830
37;36;2830
35;36;2090
36;35;2090
34;35;1620
35;34;1620
67;34;1720
34;67;1720
66;67;1220
67;66;1220
65;66;1270
66;65;1270
64;65;2360
65;64;2360
63;64;1110
64;63;1110
62;63;1220
63;62;1220
61;62;750
62;61;750
60;61;1120
61;60;1120
59;60;1320
60;59;1320
58;59;2280
59;58;2280
31;58;1330
58;31;1330
31;32;1800
32;31;1800
32;33;1290
33;32;1290
33;34;1570
34;33;1570
30;31;2310
31;30;2310
29;30;1830
30;29;1830
28;29;2020
29;28;2020
27;28;3340
28;27;3340
26;27;2540
27;26;2540
92;93;820
93;92;820
91;92;980
92;91;980
90;91;790
91;90;790
89;90;930
90;89;930
88;89;930
89;88;930
87;88;740
88;87;740
86;87;1220
87;86;1220
85;86;1050
86;85;1050
84;85;720
85;84;720
83;84;760
84;83;760
82;83;690
83;82;690
81;82;710
82;81;710
80;81;760
81;80;760
79;80;610
80;79;610
78;79;310
79;78;310
77;78;340
78;77;340
76;77;680
77;76;680
75;76;501
76;75;501
75;101;610
101;75;610
100;101;510
101;100;510
99;100;640
100;99;640
98;99;510
99;98;510
97;98;1850
98;97;1850
96;97;850
97;96;850
95;96;610
96;95;610
94;95;920
95;94;920
93;94;720
102;93;960
93;102;960
102;103;620
103;102;620
103;104;1000
104;103;1000
104;105;790
105;104;790
105;106;650
106;105;650
106;107;760
107;106;760
107;108;540
108;107;540
108;109;350
109;108;350
109;110;870
110;109;870
111;112;1240
112;111;1240
112;113;1260
113;112;1260
113;114;1500
114;113;1500
114;115;2370
115;114;2370
115;116;1350
116;115;1350
116;117;1370
117;116;1370
117;118;1870
118;117;1870
118;119;1380
119;118;1380
119;120;2290
120;119;2290
120;121;1400
121;120;1400
121;122;1290
122;121;1290
122;123;760
123;122;760
123;124;1370
124;123;1370
124;125;1010
125;124;1010
125;126;550
126;125;550
126;127;1050
127;126;1050
127;128;1000
128;127;1000
128;129;820
129;128;820
129;130;800
130;129;800
130;131;680
131;130;680
131;132;340
132;131;340
132;133;310
133;132;310
133;134;610
134;133;610
134;135;760
135;134;760
135;136;710
136;135;710
136;137;690
137;136;690
137;138;760
138;137;760
138;139;720
139;138;720
139;140;1050
140;139;1050
140;141;1220
141;140;1220
141;142;740
142;141;740
142;143;930
143;142;930
165;166;820
166;165;820
166;167;980
167;166;980
167;168;790
168;167;790
168;169;930
169;168;930
169;143;1260
143;169;1260
143;170;1540
170;143;1540
143;157;600
157;143;600
157;158;840
158;157;840
158;159;790
159;158;790
159;160;950
160;159;950
160;161;1110
161;160;1110
161;162;1530
162;161;1530
162;163;1450
163;162;1450
163;164;1500
164;163;1500
143;144;900
144;143;900
144;145;640
145;144;640
145;146;680
146;145;680
146;147;930
147;146;930
147;148;770
148;147;770
148;149;550
149;148;550
149;153;950
153;149;950
153;154;1220
154;153;1220
154;155;1030
155;154;1030
155;156;1500
156;155;1500
149;150;1590
150;149;1590
150;151;1710
151;150;1710
151;152;2140
152;151;2140
199;198;820
198;199;820
198;197;510
197;198;510
197;196;440
196;197;440
196;195;570
195;196;570
195;194;660
194;195;660
194;193;790
193;194;790
193;192;980
192;193;980
192;191;640
191;192;640
191;190;930
190;191;930
190;189;720
189;190;720
189;188;920
188;189;920
188;187;610
187;188;610
187;186;850
186;187;850
186;185;1850
185;186;1850
185;184;510
184;185;510
184;183;640
183;184;640
183;182;510
182;183;510
182;181;920
181;182;920
181;180;820
180;181;820
180;179;1000
179;180;1000
179;178;1050
178;179;1050
178;177;550
177;178;550
177;176;1010
176;177;1010
176;175;1370
175;176;1370
175;174;760
174;175;760
174;173;1290
173;174;1290
173;172;1400
172;173;1400
172;171;2290
171;172;2290
200;201;1270
201;200;1270
201;202;1710
202;201;1710
202;203;1330
203;202;1300
203;204;2850
204;203;2850
204;205;2280
205;204;2280
205;206;850
206;205;850
206;207;1210
207;206;1210
207;208;1190
208;207;1190
208;209;1090
209;208;1090
209;210;610
210;209;610
210;211;610
211;210;610
211;212;920
212;211;920
212;213;2060
213;212;2060
213;214;1660
214;213;1660
214;215;1370
215;214;1370
215;216;1340
216;215;2340
216;217;960
217;216;960
217;218;440
218;217;440
218;219;1260
219;218;1260
219;220;1930
220;219;1930
220;221;1060
221;220;1060
221;222;2410
222;221;2410
222;223;1710
223;222;1710
223;224;1710
224;223;1710
224;225;1580
225;224;1580
225;226;1540
226;225;1540
336;367;1450
367;366;1450
367;368;1370
368;367;1370
368;369;1050
369;368;1050
369;370;3150
370;369;3150
370;371;1930
371;370;1930
371;372;2450
372;371;2450
372;373;740
373;372;740
373;374;760
374;373;760
374;375;900
375;374;900
375;376;1140
376;375;1140
376;377;1090
377;376;1090
377;378;1190
378;377;1190
378;379;800
379;378;800
379;380;1770
380;379;1770
380;381;1460
381;380;1460
382;383;2370
383;382;2370
293;292;1470
292;293;1470
292;291;1310
291;292;1310
291;290;2100
290;291;2100
290;289;1100
289;290;1100
289;288;1550
288;289;1550
288;287;2340
287;288;2340
287;286;1200
286;287;1200
286;285;1100
285;286;1100
285;284;850
284;285;850
312;311;2460
311;312;2460
311;310;1500
310;311;1500
310;309;980
309;310;980
308;307;1520
307;308;1520
309;307;1140
307;309;1140
307;306;2420
306;307;2420
305;306;1630
306;305;1630
305;304;1700
304;305;1700
304;303;880
303;304;880
303;302;800
302;303;800
302;284;1150
284;302;1150
284;283;640
283;284;640
283;282;820
282;283;820
282;281;580
281;282;580
281;280;460
280;281;460
280;279;620
279;280;620
279;278;400
278;279;400
278;277;460
277;278;460
277;276;270
276;277;270
276;275;700
275;276;700
275;272;1890
272;275;1890
284;282;1710
282;284;1710
282;301;610
301;282;610
301;300;1380
300;301;1380
300;299;1440
299;300;1440
299;298;690
298;299;690
298;297;820
297;298;820
297;296;690
296;297;690
296;295;670
295;296;670
295;294;850
294;295;850
294;272;900
272;294;900
272;271;820
271;272;820
271;270;1360
270;271;1360
270;269;820
269;270;820
269;268;620
268;269;620
268;267;1250
267;268;1250
267;266;1150
266;267;1150
266;265;980
265;266;980
265;264;1100
264;265;1100
264;263;1200
263;264;1200
263;262;1140
262;263;1140
262;261;1460
261;262;1460
272;273;2100
273;272;2100
273;274;1100
274;273;1100
354;353;2030
353;354;2030
353;352;1080
352;353;1080
352;351;1850
351;352;1850
351;350;720
350;351;720
350;349;1140
349;350;1140
349;348;1720
348;349;1720
348;347;1890
347;348;1890
347;346;1360
346;347;1360
346;345;1650
345;346;1650
345;344;1570
344;345;1570
344;343;1970
343;344;1970
343;342;1060
342;343;1060
342;341;940
341;342;940
341;340;1030
340;341;1030
363;362;2150
362;363;2150
362;361;2910
361;362;2910
361;360;1460
360;361;1460
360;359;740
359;360;740
359;358;960
358;359;960
358;357;2420
357;358;2420
357;356;990
356;357;990
356;355;380
355;356;380
355;340;2200
340;355;2200
362;364;1850
365;363;2480
363;365;2480
364;363;4230
340;339;2120
339;340;2120
339;338;2300
338;339;2300
338;337;680
337;338;680
337;336;1620
336;337;1620
336;335;780
335;336;780
335;334;700
334;335;700
334;333;1220
333;334;1220
333;332;510
332;333;510
332;331;1060
331;332;1060
331;330;560
330;331;560
330;329;490
329;330;490
329;328;250
328;329;250
328;327;590
327;328;590
327;326;720
326;327;720
326;325;910
325;326;910
325;324;1960
324;325;1960
324;323;590
323;324;590
323;322;740
322;323;740
322;321;690
321;322;690
321;320;1040
320;321;1040
320;319;2310
319;320;2310
319;318;980
318;319;980
318;317;1520
317;318;1520
317;316;1250
316;317;1250
316;315;1940
315;316;1940
315;314;1860
314;315;1860
314;313;1270
313;314;1270
227;228;610
228;227;610
228;229;510
229;228;510
229;230;630
230;229;630
230;231;510
231;230;510
231;232;1850
232;231;1850
232;233;850
233;232;850
233;234;610
234;233;610
234;235;920
235;234;920
235;236;3380
236;235;3380
236;237;7240
237;236;7240
237;238;1460
238;237;1460
238;239;1640
239;238;1640
239;240;1290
240;239;1290
240;253;1260
253;240;1260
253;254;1380
254;253;1380
254;255;1720
255;254;1720
255;256;1140
256;255;1140
256;257;720
257;256;720
257;258;1850
258;257;1850
258;259;1080
259;258;1080
259;260;2030
260;259;2030
240;241;2000
241;240;2000
241;242;1480
242;241;1480
242;243;2080
243;242;2080
243;244;1610
244;243;1610
244;245;2220
245;244;2220
245;246;2940
246;245;2940
246;247;1900
247;246;1900
244;248;3490
248;244;3490
248;249;3380
249;248;3380
249;250;3430
250;249;3430
250;251;3270
251;250;3270
250;252;6190
252;250;6190
421;420;3332
420;421;3332
420;419;4052
419;420;4052
419;418;3319
418;419;3319
418;417;3446
417;418;3446
417;403;2009
403;417;2009
403;402;1105
402;403;1105
402;401;2313
401;402;2313
401;400;1046
400;401;1046
400;399;2386
399;400;2386
399;398;6660
398;399;6660
416;415;3219
415;416;3219
415;414;5230
414;415;5230
414;413;2313
413;414;2313
413;412;1831
412;413;1831
412;411;3842
411;412;3842
411;410;1127
410;411;1127
410;409;1167
409;410;1167
409;408;1951
408;409;1951
408;407;1790
407;408;1790
407;406;1569
406;407;1569
406;405;1247
405;406;1247
405;404;724
404;405;724
404;403;5440
403;404;5440
398;397;2313
397;398;2313
397;396;1408
396;397;1408
396;395;1247
395;396;1247
395;394;2776
394;395;2776
394;393;2917
393;394;2917
393;392;3742
392;393;3742
392;391;2474
391;392;2474
391;390;2374
390;391;2374
390;389;3581
389;390;3581
389;388;4043
388;389;4043
388;387;2454
387;388;2454
387;386;2816
386;387;2816
386;385;10903
385;386;10903
385;384;8027
384;385;8027
393;422;6028
422;393;6028
422;423;2970
423;422;2970
422;424;2735
424;422;2735
1;294;10000
294;1;10000
3;217;10000
217;3;10000
3;275;10000
275;3;10000
3;383;10000
383;3;10000
217;275;10000
275;217;10000
217;383;10000
383;217;10000
275;383;10000
383;275;10000
4;82;10000
82;4;10000
4;136;10000
136;4;10000
4;276;10000
276;4;10000
82;136;10000
136;82;10000
82;276;10000
276;82;10000
136;276;10000
276;136;10000
5;277;10000
277;5;10000
6;330;10000
330;6;10000
7;45;10000
45;7;10000
7;375;10000
375;7;10000
45;375;10000
375;45;10000
122;174;10000
174;122;10000
179;127;10000
127;179;10000
173;121;10000
121;173;10000
128;180;10000
180;128;10000
128;417;10000
417;128;10000
180;417;10000
417;180;10000
123;175;10000
175;123;10000
123;225;10000
225;123;10000
175;225;10000
225;175;10000
339;149;10000
149;339;10000
334;87;10000
87;334;10000
87;141;10000
141;87;10000
334;141;10000
141;334;10000
156;397;10000
397;156;10000
156;57;10000
57;156;10000
397;57;10000
57;397;10000
90;168;10000
168;90;10000
90;50;10000
50;90;10000
168;50;10000
50;168;10000
91;167;10000
167;91;10000
80;134;10000
134;80;10000
78;132;10000
132;78;10000
169;89;10000
89;169;10000
139;377;10000
377;139;10000
139;85;10000
85;139;10000
377;85;10000
85;377;10000
83;216;10000
216;83;10000
83;137;10000
137;83;10000
216;137;10000
137;216;10000
130;76;10000
76;130;10000
81;135;10000
135;81;10000
140;86;10000
86;140;10000
84;138;10000
138;84;10000
327;43;10000
43;327;10000
400;46;10000
46;400;10000
400;214;10000
214;400;10000
214;46;10000
46;214;10000
401;44;10000
44;401;10000
44;279;10000
279;44;10000
279;401;10000
401;279;10000
404;36;10000
36;404;10000
36;226;10000
226;36;10000
226;404;10000
404;226;10000
12;92;10000
92;12;10000
12;102;10000
102;12;10000
12;166;10000
166;12;10000
12;191;10000
191;12;10000
12;399;10000
399;12;10000
92;102;10000
102;92;10000
92;166;10000
166;92;10000
92;191;10000
191;92;10000
92;399;10000
399;92;10000
102;166;10000
166;102;10000
102;191;10000
191;102;10000
102;399;10000
399;102;10000
166;191;10000
191;166;10000
166;399;10000
399;166;10000
191;399;10000
399;191;10000
11;93;10000
93;11;10000
11;165;10000
165;11;10000
11;190;10000
190;11;10000
93;165;10000
165;93;10000
93;190;10000
190;93;10000
190;165;10000
165;190;10000
9;94;10000
94;9;10000
9;189;10000
189;9;10000
9;213;10000
213;9;10000
9;235;10000
235;9;10000
94;189;10000
189;94;10000
94;213;10000
213;94;10000
94;235;10000
235;94;10000
189;213;10000
213;189;10000
189;235;10000
235;189;10000
213;235;10000
235;213;10000
133;79;10000
79;133;10000
131;77;10000
77;131;10000
119;171;10000
171;119;10000
177;125;10000
125;177;10000
124;176;10000
176;124;10000
120;172;10000
172;120;10000
178;37;10000
37;178;10000
178;126;10000
126;178;10000
37;126;10000
126;37;10000
154;340;10000
340;154;10000
145;337;10000
337;145;10000
143;336;10000
336;143;10000
338;110;10000
110;338;10000
110;199;10000
199;110;10000
338;119;10000
119;338;10000
335;88;10000
88;335;10000
335;142;10000
142;335;10000
142;88;10000
88;142;10000
192;103;10000
103;192;10000
108;197;10000
197;108;10000
104;193;10000
193;104;10000
196;107;10000
107;196;10000
109;198;10000
198;109;10000
105;194;10000
194;105;10000
195;106;10000
106;195;10000
129;181;10000
181;129;10000
204;237;10000
237;204;10000
254;348;10000
348;254;10000
351;257;10000
257;351;10000
256;350;10000
350;256;10000
354;260;10000
260;354;10000
403;228;10000
228;403;10000
403;39;10000
39;403;10000
403;101;10000
101;403;10000
403;182;10000
182;403;10000
228;39;10000
39;228;10000
228;101;10000
101;228;10000
228;182;10000
182;228;10000
39;101;10000
101;39;10000
39;182;10000
182;39;10000
182;101;10000
101;182;10000
227;75;10000
75;227;10000
99;230;10000
230;99;10000
99;184;10000
184;99;10000
230;184;10000
184;230;10000
187;233;10000
233;187;10000
187;96;10000
96;187;10000
96;233;10000
233;96;10000
98;231;10000
231;98;10000
98;402;10000
402;98;10000
98;185;10000
185;98;10000
231;402;10000
402;231;10000
231;185;10000
185;231;10000
402;185;10000
185;402;10000
188;234;10000
234;188;10000
188;95;10000
95;188;10000
95;234;10000
234;95;10000
210;236;10000
236;210;10000
298;100;10000
100;298;10000
298;229;10000
229;298;10000
298;183;10000
183;298;10000
100;229;10000
229;100;10000
100;183;10000
183;100;10000
229;183;10000
183;229;10000
255;349;10000
349;255;10000
353;259;10000
259;353;10000
258;352;10000
352;258;10000
380;270;10000
270;380;10000
281;374;10000
374;281;10000
219;296;10000
296;219;10000
373;282;10000
282;373;10000
329;278;10000
278;329;10000
321;370;10000
370;321;10000
376;215;10000
215;376;10000
376;331;10000
331;376;10000
215;331;10000
331;215;10000
382;297;10000
297;382;10000
382;40;10000
40;382;10000
40;297;10000
297;40;10000
365;424;10000
424;365;10000
364;423;10000
423;364;10000
422;363;10000
363;422;10000
186;301;10000
301;186;10000
186;325;10000
325;186;10000
186;372;10000
372;186;10000
186;97;10000
97;186;10000
186;232;10000
232;186;10000
301;325;10000
325;301;10000
301;372;10000
372;301;10000
301;97;10000
97;301;10000
301;232;10000
232;301;10000
325;372;10000
372;325;10000
325;97;10000
97;325;10000
325;232;10000
232;325;10000
372;97;10000
97;372;10000
372;232;10000
232;372;10000
97;372;10000
372;97;10000
