-1.73416	54.91817
-1.733759	54.91756
-1.733148	54.91763
-1.732418	54.91702
-1.732414	54.91659
-1.730985	54.91644
-1.727713	54.91278
-1.728032	54.9115
-1.727636	54.9104
-1.725862	54.90971
-1.724908	54.9088
-1.72306	54.91013
-1.722232	54.90896
-1.721028	54.90864
-1.721204	54.90824
-1.719206	54.90801
-1.717018	54.90844
-1.716416	54.90775
-1.713297	54.90883
-1.710389	54.90914
-1.700578	54.90929
-1.698413	54.909
-1.698765	54.90887
-1.698487	54.90807
-1.6967	54.90664
-1.69757	54.90623
-1.695657	54.90473
-1.693997	54.90412
-1.693391	54.90322
-1.69169	54.9026
-1.690573	54.90267
-1.690768	54.90461
-1.689158	54.90576
-1.68955	54.90652
-1.689144	54.90697
-1.687655	54.90792
-1.683477	54.90854
-1.681951	54.9078
-1.676353	54.90942
-1.674778	54.90956
-1.674838	54.9093
-1.676843	54.90344
-1.676535	54.90334
-1.677973	54.90177
-1.678134	54.89985
-1.67659	54.8991
-1.675255	54.89794
-1.669231	54.89565
-1.665559	54.89521
-1.663045	54.89594
-1.66138	54.89428
-1.659308	54.89317
-1.65995	54.89066
-1.656497	54.89076
-1.655854	54.89214
-1.653509	54.89301
-1.650012	54.89363
-1.64848	54.89174
-1.647349	54.8886
-1.646621	54.8884
-1.646593	54.88559
-1.647979	54.88549
-1.647753	54.88416
-1.646719	54.88273
-1.646978	54.88215
-1.646346	54.8814
-1.64762	54.88095
-1.650655	54.88074
-1.650982	54.87967
-1.650497	54.87931
-1.64901	54.87956
-1.64543	54.87881
-1.643689	54.8788
-1.639973	54.8798
-1.639195	54.88069
-1.636598	54.88102
-1.634973	54.88254
-1.631536	54.884
-1.631575	54.88458
-1.631116	54.88483
-1.629082	54.88476
-1.627997	54.88525
-1.628494	54.88543
-1.627411	54.88645
-1.623572	54.88737
-1.62226	54.88671
-1.621201	54.88748
-1.618743	54.88706
-1.618985	54.88871
-1.618318	54.89013
-1.61649	54.89108
-1.611915	54.89529
-1.610261	54.89535
-1.608409	54.8963
-1.608013	54.8969
-1.606894	54.89708
-1.607434	54.89815
-1.607102	54.89841
-1.605163	54.89822
-1.604673	54.89874
-1.603857	54.8983
-1.600948	54.89873
-1.600443	54.89897
-1.60071	54.89984
-1.597702	54.90158
-1.594164	54.90202
-1.593769	54.90175
-1.593649	54.90086
-1.591821	54.89979
-1.589707	54.89624
-1.588536	54.89547
-1.588194	54.89446
-1.587562	54.89434
-1.586293	54.89416
-1.58397	54.89282
-1.584041	54.89165
-1.582716	54.88883
-1.580712	54.88106
-1.579909	54.87777
-1.575877	54.8783
-1.575912	54.87895
-1.57148	54.87937
-1.56807	54.88047
-1.562011	54.88084
-1.559411	54.88204
-1.560366	54.8799
-1.562428	54.87776
-1.561943	54.87737
-1.56181	54.87572
-1.553164	54.87596
-1.541568	54.87346
-1.538959	54.87545
-1.537481	54.87439
-1.536154	54.87474
-1.533374	54.87645
-1.532942	54.87706
-1.532853	54.87785
-1.531782	54.87819
-1.530789	54.87789
-1.530013	54.87712
-1.529022	54.87738
-1.52737	54.87699
-1.52564	54.87761
-1.522912	54.87622
-1.519959	54.87602
-1.519135	54.87241
-1.524434	54.8719
-1.527174	54.87118
-1.529314	54.8696
-1.535393	54.86626
-1.540797	54.86553
-1.540799	54.86553
-1.542429	54.86572
-1.542785	54.86577
-1.541861	54.86536
-1.540513	54.86528
-1.535147	54.86597
-1.531293	54.86828
-1.528502	54.86995
-1.526629	54.87107
-1.52427	54.8716
-1.519023	54.872
-1.518417	54.87287
-1.519208	54.87595
-1.517154	54.87572
-1.516667	54.87497
-1.515228	54.87515
-1.513813	54.8748
-1.50667	54.87114
-1.508316	54.86894
-1.50959	54.86603
-1.510311	54.86311
-1.510271	54.8601
-1.507802	54.85139
-1.507055	54.84701
-1.506223	54.84624
-1.503569	54.83748
-1.503318	54.83663
-1.502892	54.83444
-1.50428	54.83123
-1.497812	54.82361
-1.497509	54.82263
-1.49374	54.82347
-1.49029	54.82018
-1.492393	54.81862
-1.492004	54.81838
-1.4923	54.81783
-1.494306	54.81601
-1.487504	54.81268
-1.485338	54.81198
-1.48433	54.81047
-1.482229	54.80999
-1.481856	54.80965
-1.485024	54.80849
-1.491099	54.80431
-1.494331	54.80117
-1.493508	54.8
-1.490726	54.7993
-1.485092	54.79968
-1.481905	54.79906
-1.48005	54.79976
-1.477878	54.80007
-1.472349	54.79995
-1.468028	54.80031
-1.460174	54.80169
-1.456033	54.80092
-1.456421	54.80049
-1.455061	54.80054
-1.454601	54.80002
-1.448267	54.80101
-1.444022	54.80247
-1.442877	54.80198
-1.440255	54.80152
-1.441312	54.80053
-1.440708	54.79969
-1.437531	54.80053
-1.430229	54.80156
-1.429326	54.80102
-1.42433	54.80309
-1.422548	54.80317
-1.42268	54.80402
-1.423894	54.80541
-1.422913	54.80826
-1.421563	54.81213
-1.421725	54.81329
-1.419218	54.8142
-1.417848	54.81822
-1.415839	54.81845
-1.414374	54.81939
-1.414369	54.82123
-1.41326	54.82215
-1.413013	54.82331
-1.413125	54.82456
-1.414214	54.8259
-1.415666	54.82635
-1.415509	54.82743
-1.416822	54.82875
-1.416051	54.82943
-1.416496	54.83064
-1.420702	54.83367
-1.421607	54.83809
-1.421536	54.83948
-1.419181	54.8398
-1.417351	54.84101
-1.416704	54.84093
-1.413922	54.84143
-1.413776	54.84177
-1.412006	54.8419
-1.411911	54.84313
-1.41358	54.84486
-1.409187	54.84519
-1.407509	54.84573
-1.40475	54.84551
-1.400004	54.84661
-1.399499	54.84637
-1.397294	54.84645
-1.396463	54.84587
-1.393412	54.84623
-1.392535	54.84569
-1.387157	54.84656
-1.383919	54.84815
-1.381663	54.84716
-1.378568	54.84999
-1.376733	54.85109
-1.373817	54.85396
-1.368866	54.85763
-1.366246	54.85788
-1.365338	54.85769
-1.363927	54.85822
-1.360908	54.85788
-1.36042	54.85806
-1.360181	54.85783
-1.359523	54.85825
-1.357344	54.85847
-1.355787	54.85898
-1.354078	54.86028
-1.352357	54.86062
-1.34944	54.86007
-1.349142	54.86043
-1.347565	54.86059
-1.347284	54.85841
-1.345459	54.85496
-1.342123	54.85066
-1.336035	54.84415
-1.333869	54.84236
-1.332553	54.842
-1.3319	54.84219
-1.332055	54.84164
-1.33065	54.83955
-1.32972	54.83887
-1.328597	54.83874
-1.328396	54.83916
-1.327464	54.83924
-1.325745	54.83925
-1.324642	54.83912
-1.324346	54.83906
-1.323129	54.83873
-1.322681	54.83858
-1.320951	54.83762
-1.323373	54.83876
-1.32541	54.83914
-1.32564	54.83915
-1.326918	54.83903
-1.325725	54.83844
-1.324052	54.83825
-1.32496	54.83827
-1.324723	54.83747
-1.325147	54.83834
-1.326835	54.83831
-1.326585	54.83756
-1.32733	54.83836
-1.329392	54.8383
-1.328886	54.83781
-1.32678	54.83748
-1.32622	54.83685
-1.326174	54.83728
-1.325515	54.83736
-1.326032	54.83675
-1.325527	54.83663
-1.325781	54.83639
-1.325279	54.83567
-1.324439	54.8369
-1.325255	54.83563
-1.324568	54.83485
-1.323758	54.83519
-1.324722	54.83442
-1.325243	54.83406
-1.325307	54.83395
-1.325399	54.83388
-1.325368	54.83384
-1.325815	54.83306
-1.324846	54.8314
-1.323093	54.82991
-1.319719	54.82444
-1.319391	54.82336
-1.31982	54.8231
-1.319747	54.82155
-1.319743	54.82154
-1.316608	54.81616
-1.312631	54.81179
-1.313016	54.80986
-1.311444	54.80223
-1.31168	54.80122
-1.310247	54.79852
-1.311657	54.79493
-1.310615	54.79237
-1.310781	54.79016
-1.308441	54.78657
-1.308812	54.78521
-1.30883	54.78515
-1.309697	54.7832
-1.309614	54.78198
-1.305032	54.77639
-1.30407	54.77462
-1.302694	54.77306
-1.301758	54.77267
-1.302386	54.77224
-1.301749	54.77206
-1.301504	54.77087
-1.299794	54.76878
-1.302044	54.76847
-1.299568	54.76853
-1.296166	54.765
-1.296021	54.76482
-1.295682	54.7645
-1.292274	54.76097
-1.29227	54.76097
-1.291249	54.76015
-1.291181	54.7601
-1.291176	54.7601
-1.285279	54.75562
-1.280505	54.75326
-1.280016	54.75282
-1.277407	54.75049
-1.270532	54.74659
-1.269683	54.7456
-1.266447	54.74343
-1.266753	54.74307
-1.266394	54.74244
-1.266975	54.74153
-1.266388	54.74087
-1.258431	54.73522
-1.255511	54.73228
-1.249116	54.72758
-1.24098	54.72319
-1.240965	54.72318
-1.24402	54.72158
-1.245797	54.72229
-1.247614	54.72241
-1.248766	54.72073
-1.251865	54.71962
-1.253736	54.72037
-1.255414	54.72158
-1.257445	54.72555
-1.258837	54.72542
-1.258561	54.72606
-1.26058	54.72573
-1.263223	54.72646
-1.26471	54.72598
-1.265897	54.72663
-1.267405	54.72686
-1.268225	54.72609
-1.270252	54.72717
-1.27251	54.72541
-1.274906	54.72521
-1.275631	54.72547
-1.276527	54.72442
-1.277939	54.7238
-1.281216	54.72301
-1.282359	54.72302
-1.28271	54.72212
-1.285534	54.72042
-1.290298	54.7184
-1.292194	54.71859
-1.29491	54.71941
-1.299319	54.71913
-1.30178	54.71823
-1.303238	54.71813
-1.303215	54.71789
-1.303672	54.71851
-1.305521	54.71752
-1.30462	54.71664
-1.305518	54.71522
-1.303625	54.71311
-1.304137	54.71264
-1.302739	54.71175
-1.301561	54.7102
-1.302019	54.70902
-1.301327	54.7081
-1.303811	54.70766
-1.303215	54.70567
-1.304217	54.70564
-1.30412	54.70433
-1.30641	54.704
-1.306231	54.70381
-1.307782	54.70278
-1.309316	54.70249
-1.309351	54.70156
-1.313849	54.70123
-1.312835	54.69873
-1.314246	54.69795
-1.313508	54.69709
-1.312696	54.69591
-1.315377	54.69458
-1.319387	54.6933
-1.319744	54.69273
-1.319495	54.69129
-1.325982	54.69116
-1.327554	54.69138
-1.329825	54.68955
-1.332189	54.6902
-1.333023	54.69202
-1.344476	54.69113
-1.344658	54.69082
-1.338673	54.68947
-1.33444	54.68905
-1.332129	54.68685
-1.33165	54.68513
-1.332112	54.68392
-1.331345	54.68368
-1.330946	54.68213
-1.3309	54.68124
-1.33185	54.68119
-1.331918	54.67746
-1.333457	54.67721
-1.332392	54.67545
-1.333038	54.67265
-1.334324	54.67122
-1.335707	54.6713
-1.338088	54.66957
-1.340201	54.66927
-1.340714	54.66875
-1.34353	54.66862
-1.342271	54.66611
-1.343377	54.66579
-1.343529	54.66515
-1.346047	54.66447
-1.346585	54.66403
-1.346644	54.663
-1.347852	54.66242
-1.346424	54.66151
-1.34635	54.66113
-1.347084	54.6609
-1.346449	54.66073
-1.34601	54.66011
-1.346399	54.65999
-1.346321	54.65929
-1.347513	54.65858
-1.345431	54.65831
-1.344928	54.65847
-1.343145	54.65753
-1.343523	54.65556
-1.341502	54.65337
-1.341895	54.65217
-1.341223	54.65024
-1.343326	54.65038
-1.344043	54.65071
-1.347879	54.6506
-1.348743	54.65087
-1.349897	54.65072
-1.349798	54.64858
-1.352727	54.64897
-1.355838	54.6483
-1.356296	54.64866
-1.358036	54.64858
-1.359305	54.64947
-1.36267	54.64916
-1.36488	54.64842
-1.366526	54.64883
-1.368967	54.64781
-1.374514	54.64656
-1.378905	54.64618
-1.383764	54.64624
-1.382695	54.6444
-1.381309	54.6443
-1.380898	54.64392
-1.384527	54.64312
-1.386969	54.64201
-1.387688	54.64139
-1.387704	54.64012
-1.39043	54.63921
-1.390557	54.63809
-1.390102	54.63776
-1.390802	54.63659
-1.38897	54.63491
-1.388524	54.63353
-1.387198	54.63274
-1.388578	54.63213
-1.388317	54.63158
-1.389508	54.63135
-1.39312	54.63204
-1.393381	54.63152
-1.39551	54.6311
-1.394235	54.62888
-1.396748	54.62833
-1.399129	54.62698
-1.400436	54.62771
-1.401599	54.62636
-1.399158	54.62413
-1.402875	54.62243
-1.40478	54.62405
-1.406647	54.62262
-1.408188	54.62206
-1.406622	54.62143
-1.406451	54.62082
-1.408085	54.62009
-1.40981	54.61847
-1.412823	54.61659
-1.416949	54.61503
-1.417967	54.61432
-1.426128	54.6115
-1.426703	54.61243
-1.428394	54.61318
-1.42796	54.61441
-1.428383	54.615
-1.42997	54.61529
-1.431462	54.61474
-1.43259	54.61372
-1.435053	54.61393
-1.435747	54.61438
-1.436653	54.61417
-1.437101	54.61303
-1.439285	54.61248
-1.439312	54.61157
-1.439827	54.61116
-1.441882	54.61081
-1.44289	54.61011
-1.443427	54.61034
-1.44445	54.61
-1.44449	54.61048
-1.447046	54.61075
-1.447622	54.61105
-1.448521	54.61098
-1.449781	54.61037
-1.450914	54.61051
-1.450946	54.60984
-1.452219	54.60877
-1.451952	54.60767
-1.452494	54.60756
-1.452641	54.60705
-1.451333	54.60625
-1.450786	54.6047
-1.45003	54.60404
-1.448889	54.60369
-1.448675	54.60324
-1.447264	54.60308
-1.446521	54.60226
-1.445495	54.60203
-1.444131	54.60046
-1.445167	54.59955
-1.443186	54.59851
-1.442192	54.59747
-1.440589	54.5972
-1.440294	54.5967
-1.43976	54.59664
-1.439585	54.59569
-1.4386	54.5955
-1.438355	54.59508
-1.440003	54.59447
-1.439365	54.5938
-1.439636	54.59356
-1.442405	54.59277
-1.443401	54.59062
-1.444349	54.59049
-1.444932	54.59084
-1.446859	54.59115
-1.451705	54.59083
-1.453312	54.59405
-1.454143	54.59441
-1.45608	54.59922
-1.459048	54.59843
-1.459169	54.59728
-1.460247	54.59682
-1.463592	54.59944
-1.468688	54.60056
-1.470394	54.60046
-1.472128	54.59898
-1.480739	54.59939
-1.483412	54.59921
-1.484687	54.59968
-1.488172	54.59928
-1.492443	54.59727
-1.497318	54.59568
-1.501497	54.59561
-1.506467	54.59607
-1.509949	54.59482
-1.514024	54.59537
-1.52177	54.59656
-1.521952	54.59607
-1.526403	54.59649
-1.537522	54.59447
-1.541889	54.59307
-1.548258	54.59173
-1.552505	54.59132
-1.556534	54.59151
-1.558644	54.59212
-1.558824	54.59154
-1.558305	54.59147
-1.558194	54.59088
-1.560818	54.59028
-1.561683	54.58964
-1.56173	54.58851
-1.562245	54.58823
-1.56213	54.58741
-1.562556	54.58708
-1.562262	54.58597
-1.561951	54.5857
-1.561371	54.58619
-1.560209	54.58625
-1.558005	54.58545
-1.556879	54.5859
-1.556547	54.58455
-1.554625	54.58332
-1.553918	54.58334
-1.553896	54.58362
-1.553159	54.5834
-1.55265	54.5837
-1.552167	54.58284
-1.552824	54.58234
-1.555668	54.58172
-1.56131	54.58223
-1.561835	54.58177
-1.56468	54.58081
-1.566636	54.58063
-1.569808	54.58124
-1.571457	54.58073
-1.572498	54.58084
-1.573593	54.58044
-1.576266	54.5802
-1.577031	54.58138
-1.57886	54.58213
-1.581506	54.58192
-1.582589	54.58094
-1.583374	54.58095
-1.584367	54.58206
-1.5851	54.58405
-1.585163	54.58821
-1.584257	54.58842
-1.582865	54.58948
-1.590861	54.59021
-1.593409	54.59508
-1.590368	54.59496
-1.589876	54.59775
-1.591366	54.59965
-1.592949	54.60455
-1.590653	54.60558
-1.584072	54.60727
-1.583771	54.6075
-1.584193	54.61049
-1.586528	54.61042
-1.597577	54.60802
-1.600489	54.60665
-1.603965	54.6056
-1.605235	54.60477
-1.606218	54.60344
-1.607727	54.60427
-1.608438	54.60533
-1.605662	54.60673
-1.606944	54.61248
-1.605251	54.61245
-1.605777	54.6146
-1.60656	54.61473
-1.606764	54.61754
-1.610317	54.61744
-1.611358	54.61711
-1.612126	54.61813
-1.613687	54.61796
-1.614046	54.61881
-1.616829	54.6188
-1.618505	54.61917
-1.623886	54.61893
-1.623861	54.61862
-1.631396	54.61846
-1.631501	54.61613
-1.633239	54.61613
-1.637672	54.6167
-1.638001	54.6172
-1.640777	54.6174
-1.641629	54.61937
-1.649741	54.61796
-1.651774	54.6169
-1.653227	54.61696
-1.65704	54.61547
-1.662282	54.61586
-1.663188	54.61554
-1.672195	54.61709
-1.672903	54.61744
-1.678747	54.61783
-1.682422	54.61777
-1.681055	54.60877
-1.681075	54.60841
-1.68198	54.60812
-1.680658	54.60633
-1.68061	54.59783
-1.679312	54.58597
-1.683911	54.58595
-1.694028	54.58689
-1.693865	54.58509
-1.699043	54.58457
-1.700033	54.58418
-1.700169	54.58225
-1.702848	54.58157
-1.703077	54.57985
-1.704072	54.57808
-1.705695	54.57835
-1.708984	54.57414
-1.705468	54.57377
-1.70448	54.57216
-1.708255	54.56906
-1.70769	54.56871
-1.708028	54.5679
-1.709667	54.56582
-1.709282	54.56318
-1.707437	54.56316
-1.707203	54.56269
-1.706321	54.56265
-1.705554	54.56185
-1.70588	54.56063
-1.703311	54.5587
-1.701794	54.55826
-1.698735	54.55821
-1.696588	54.55782
-1.694694	54.55664
-1.691207	54.55624
-1.691328	54.55531
-1.693997	54.55529
-1.697563	54.55571
-1.699147	54.55407
-1.700486	54.55406
-1.701205	54.55295
-1.699394	54.55204
-1.701164	54.54991
-1.703933	54.55072
-1.705274	54.54917
-1.7046	54.54838
-1.704522	54.54627
-1.703771	54.54494
-1.70172	54.54476
-1.700871	54.54435
-1.69834	54.54421
-1.698741	54.5433
-1.698013	54.54072
-1.698518	54.5408
-1.696926	54.53601
-1.705214	54.5369
-1.714666	54.53949
-1.717879	54.54096
-1.719419	54.54224
-1.721311	54.5423
-1.723885	54.54159
-1.722857	54.54098
-1.722831	54.53969
-1.724478	54.53777
-1.724799	54.536
-1.727305	54.53049
-1.731366	54.53068
-1.732559	54.52946
-1.733091	54.52774
-1.739	54.52844
-1.743134	54.52976
-1.747537	54.52929
-1.750832	54.52963
-1.751247	54.53015
-1.751742	54.53017
-1.754015	54.52865
-1.761213	54.52895
-1.764608	54.52983
-1.767205	54.53229
-1.769724	54.53284
-1.773291	54.53282
-1.779697	54.53187
-1.780323	54.52882
-1.781559	54.52683
-1.776859	54.52536
-1.776351	54.51911
-1.77735	54.51938
-1.77759	54.51568
-1.776132	54.50673
-1.777879	54.50641
-1.782175	54.50701
-1.782487	54.5058
-1.783912	54.50504
-1.783935	54.50338
-1.785133	54.5028
-1.785057	54.50139
-1.787177	54.50104
-1.786887	54.49889
-1.790268	54.4929
-1.789022	54.49179
-1.79109	54.48943
-1.792976	54.48449
-1.801569	54.48768
-1.802734	54.48784
-1.813078	54.49141
-1.817519	54.49364
-1.820277	54.49427
-1.822443	54.49518
-1.822719	54.49636
-1.82455	54.4979
-1.824388	54.50015
-1.826448	54.50067
-1.827227	54.50136
-1.827787	54.50293
-1.831854	54.50265
-1.831564	54.50365
-1.832302	54.50517
-1.836473	54.50802
-1.839433	54.50844
-1.844283	54.5051
-1.845974	54.50472
-1.848217	54.50366
-1.850977	54.50357
-1.852768	54.50399
-1.855373	54.50351
-1.857801	54.50354
-1.85867	54.49903
-1.858602	54.49665
-1.857719	54.49366
-1.857823	54.49339
-1.85865	54.49351
-1.859315	54.49264
-1.859216	54.48908
-1.860045	54.48705
-1.860831	54.48638
-1.858529	54.48279
-1.85913	54.48186
-1.867255	54.48212
-1.877603	54.47805
-1.88547	54.4729
-1.89343	54.4669
-1.913183	54.46199
-1.928325	54.45649
-1.934025	54.45732
-1.942543	54.4534
-1.946996	54.45431
-1.949231	54.45427
-1.95162	54.45344
-1.953228	54.4537
-1.953782	54.45346
-1.955424	54.45386
-1.956555	54.45325
-1.958514	54.45299
-1.960503	54.45216
-1.963483	54.45178
-1.96524	54.45204
-1.965971	54.45162
-1.968442	54.45181
-1.97006	54.45152
-1.971751	54.45397
-1.971111	54.45481
-1.976125	54.45973
-1.977867	54.46014
-1.980051	54.46021
-1.985539	54.45993
-1.986271	54.46033
-1.98654	54.46156
-1.996764	54.4669
-2.014646	54.47156
-2.029568	54.47296
-2.036957	54.47429
-2.04473	54.47519
-2.043198	54.4836
-2.048613	54.48259
-2.050467	54.4814
-2.053073	54.48071
-2.059207	54.48116
-2.061289	54.48056
-2.063104	54.47961
-2.063176	54.47888
-2.067705	54.47705
-2.069919	54.47566
-2.071174	54.47426
-2.075741	54.47314
-2.081624	54.46987
-2.086397	54.46839
-2.094753	54.4673
-2.101799	54.46536
-2.104431	54.46491
-2.108591	54.46437
-2.114305	54.46419
-2.116596	54.46226
-2.12301	54.46152
-2.126563	54.4621
-2.136049	54.46145
-2.138887	54.46165
-2.14149	54.46093
-2.150121	54.45996
-2.155373	54.45701
-2.159268	54.45548
-2.159873	54.45651
-2.164792	54.45652
-2.167326	54.4577
-2.170213	54.4582
-2.161696	54.46473
-2.159367	54.47114
-2.158997	54.47203
-2.16647	54.48991
-2.162393	54.50394
-2.168705	54.51965
-2.174492	54.52173
-2.174025	54.52441
-2.171172	54.529
-2.172398	54.53244
-2.182286	54.53586
-2.197531	54.5327
-2.210143	54.54366
-2.209488	54.55171
-2.245962	54.56506
-2.262281	54.57423
-2.270936	54.5822
-2.304515	54.5962
-2.308758	54.61188
-2.324938	54.63165
-2.323814	54.632
-2.319975	54.63444
-2.317064	54.63541
-2.314185	54.63701
-2.312301	54.63717
-2.311146	54.63763
-2.309082	54.63972
-2.308259	54.64006
-2.308371	54.64077
-2.306925	54.64228
-2.305788	54.64276
-2.30286	54.64278
-2.302191	54.64371
-2.300045	54.64458
-2.29897	54.64562
-2.296812	54.64682
-2.294091	54.64939
-2.292901	54.64985
-2.287979	54.65048
-2.289314	54.65165
-2.28925	54.65312
-2.289835	54.6534
-2.289973	54.65498
-2.292097	54.65587
-2.291344	54.65836
-2.292767	54.66116
-2.292875	54.66389
-2.2982	54.66552
-2.302216	54.66625
-2.303397	54.66682
-2.303835	54.66751
-2.302753	54.66906
-2.303317	54.66963
-2.306154	54.67015
-2.308355	54.66951
-2.313438	54.66934
-2.316364	54.66877
-2.318984	54.66943
-2.3225	54.66902
-2.325018	54.67017
-2.327569	54.67087
-2.327779	54.67164
-2.326413	54.67269
-2.327107	54.67367
-2.329263	54.6747
-2.330516	54.67457
-2.335616	54.67533
-2.339864	54.67813
-2.341664	54.67885
-2.343509	54.68222
-2.346796	54.68394
-2.349078	54.68396
-2.350204	54.68541
-2.351594	54.68574
-2.351782	54.68747
-2.350483	54.69003
-2.351173	54.69072
-2.353903	54.69143
-2.354202	54.69173
-2.354169	54.69288
-2.352518	54.69376
-2.352257	54.69449
-2.353928	54.69587
-2.354306	54.69675
-2.355471	54.69717
-2.355489	54.69792
-2.353465	54.69794
-2.352257	54.69994
-2.351154	54.70072
-2.349563	54.70118
-2.34919	54.70092
-2.348243	54.70113
-2.346364	54.70086
-2.344382	54.70177
-2.34453	54.70206
-2.343379	54.7033
-2.34336	54.70436
-2.342651	54.70464
-2.342772	54.70519
-2.34146	54.706
-2.342546	54.70706
-2.344015	54.70768
-2.3442	54.70848
-2.345033	54.70918
-2.344086	54.70988
-2.34115	54.71062
-2.342252	54.71157
-2.341705	54.71247
-2.341965	54.71394
-2.341388	54.71481
-2.342208	54.71553
-2.342095	54.71615
-2.34139	54.71667
-2.339044	54.71656
-2.33797	54.71678
-2.337454	54.71725
-2.33757	54.71956
-2.336096	54.7196
-2.335893	54.71997
-2.334419	54.72049
-2.330213	54.72313
-2.325747	54.72663
-2.32961	54.72755
-2.330665	54.72899
-2.330635	54.73035
-2.331947	54.73128
-2.332306	54.732
-2.331618	54.73245
-2.331919	54.73346
-2.330928	54.73516
-2.329455	54.73568
-2.328587	54.73701
-2.32773	54.73702
-2.326892	54.73791
-2.327883	54.73906
-2.32746	54.74016
-2.326399	54.74098
-2.327595	54.74328
-2.326712	54.74542
-2.326927	54.7473
-2.322814	54.75207
-2.322591	54.7533
-2.320822	54.755
-2.321128	54.75666
-2.322433	54.75781
-2.322231	54.75942
-2.323224	54.7598
-2.322479	54.76397
-2.320905	54.76568
-2.320926	54.76629
-2.320016	54.76642
-2.317557	54.76811
-2.317569	54.76874
-2.314669	54.77036
-2.313245	54.77039
-2.313152	54.77082
-2.309904	54.77191
-2.309629	54.77252
-2.310017	54.77266
-2.308487	54.77354
-2.308929	54.77449
-2.311682	54.77542
-2.311677	54.77807
-2.313924	54.78111
-2.313785	54.7821
-2.312999	54.78259
-2.31401	54.78517
-2.313115	54.78633
-2.312991	54.78734
-2.313671	54.79022
-2.31209	54.79102
-2.308801	54.79088
-2.307939	54.79213
-2.305873	54.79178
-2.305152	54.79221
-2.302958	54.79254
-2.302559	54.79233
-2.300555	54.79333
-2.29877	54.793
-2.29554	54.79358
-2.292986	54.79317
-2.290095	54.79593
-2.286081	54.79623
-2.285979	54.79687
-2.282678	54.79825
-2.280671	54.79798
-2.277089	54.79625
-2.272198	54.79575
-2.268726	54.79457
-2.266912	54.79474
-2.263176	54.79251
-2.260211	54.79258
-2.260583	54.79153
-2.256283	54.79119
-2.251294	54.78978
-2.25072	54.79013
-2.250433	54.78987
-2.250973	54.78943
-2.248663	54.78796
-2.235521	54.7868
-2.234064	54.78417
-2.226698	54.78295
-2.219537	54.783
-2.218907	54.78238
-2.215057	54.78385
-2.214462	54.78667
-2.212438	54.78813
-2.209402	54.79224
-2.206858	54.79396
-2.203797	54.7978
-2.201521	54.79993
-2.198624	54.80456
-2.19931	54.80572
-2.198601	54.80674
-2.186831	54.80625
-2.182297	54.80717
-2.177416	54.80682
-2.173852	54.80603
-2.171675	54.80404
-2.16947	54.80361
-2.16635	54.81389
-2.164265	54.81583
-2.160869	54.81853
-2.157161	54.82048
-2.151291	54.82281
-2.14313	54.82696
-2.143442	54.83009
-2.141831	54.83187
-2.14147	54.8332
-2.13974	54.83448
-2.139087	54.83841
-2.139789	54.84187
-2.138162	54.84237
-2.134817	54.84285
-2.133437	54.84214
-2.131007	54.8427
-2.129153	54.8425
-2.128645	54.84185
-2.124949	54.84166
-2.122937	54.84113
-2.122119	54.84136
-2.120766	54.84081
-2.119825	54.84133
-2.118298	54.84088
-2.116353	54.84122
-2.113968	54.84033
-2.111521	54.84004
-2.108669	54.8407
-2.104889	54.83991
-2.103489	54.84017
-2.102865	54.83984
-2.101466	54.83771
-2.100196	54.83715
-2.099082	54.83741
-2.097451	54.83678
-2.093563	54.83687
-2.092157	54.83752
-2.090447	54.8377
-2.088522	54.8371
-2.087251	54.83791
-2.082575	54.83817
-2.081233	54.83926
-2.079385	54.83952
-2.078682	54.8392
-2.077397	54.83954
-2.07635	54.84026
-2.074226	54.84074
-2.070097	54.84304
-2.06851	54.84348
-2.067955	54.84413
-2.068045	54.84478
-2.066743	54.84486
-2.066003	54.84417
-2.065071	54.84393
-2.06436	54.84432
-2.061526	54.84462
-2.059252	54.84581
-2.057249	54.84602
-2.054866	54.84702
-2.052925	54.84743
-2.049637	54.84752
-2.047718	54.84789
-2.045275	54.8478
-2.043479	54.84825
-2.041467	54.84804
-2.039656	54.84824
-2.038227	54.84973
-2.035971	54.85116
-2.036001	54.85278
-2.033046	54.85418
-2.030222	54.8548
-2.028809	54.85548
-2.027514	54.85637
-2.027353	54.8579
-2.026117	54.85883
-2.025183	54.85899
-2.023137	54.85857
-2.022418	54.85874
-2.022017	54.85976
-2.019031	54.86241
-2.01683	54.86256
-2.014458	54.86345
-2.014177	54.86396
-2.012075	54.86447
-2.011938	54.86516
-2.012382	54.86557
-2.011769	54.86671
-2.008922	54.86722
-2.008302	54.86781
-2.006001	54.86856
-2.004236	54.86811
-2.001938	54.86834
-2.001419	54.86856
-2.001051	54.86965
-2.000048	54.8693
-1.99759	54.86982
-1.996596	54.86956
-1.995362	54.87004
-1.990364	54.87004
-1.988199	54.86937
-1.986447	54.86826
-1.982788	54.86862
-1.980236	54.86818
-1.977772	54.86671
-1.973456	54.86528
-1.970693	54.86349
-1.972226	54.86201
-1.9732	54.86244
-1.974766	54.86206
-1.974508	54.86168
-1.97279	54.86109
-1.972465	54.86024
-1.970821	54.86057
-1.969214	54.85975
-1.967833	54.85947
-1.964202	54.85944
-1.962775	54.85778
-1.959412	54.85616
-1.953841	54.85515
-1.952444	54.85425
-1.949342	54.85299
-1.947432	54.85351
-1.944347	54.85227
-1.940423	54.85291
-1.940095	54.852
-1.939137	54.85177
-1.93577	54.852
-1.933507	54.85246
-1.933014	54.85271
-1.935108	54.85387
-1.932734	54.85419
-1.932185	54.85347
-1.931289	54.85345
-1.930868	54.85277
-1.930669	54.85179
-1.932055	54.85153
-1.931815	54.85083
-1.929504	54.85011
-1.92909	54.85033
-1.92728	54.84916
-1.926167	54.84884
-1.922632	54.84987
-1.921376	54.84844
-1.921799	54.84597
-1.920634	54.84411
-1.920987	54.84245
-1.925593	54.84216
-1.927304	54.84173
-1.927134	54.84117
-1.923967	54.84016
-1.919885	54.84094
-1.918113	54.84075
-1.918366	54.83938
-1.920869	54.838
-1.920051	54.83743
-1.917	54.83676
-1.917692	54.83492
-1.915433	54.83396
-1.913535	54.83404
-1.913037	54.83483
-1.913682	54.83577
-1.911679	54.83603
-1.911001	54.83665
-1.911319	54.83747
-1.91482	54.83792
-1.915012	54.83836
-1.914073	54.8395
-1.913051	54.83981
-1.910048	54.83936
-1.908739	54.83949
-1.907152	54.84031
-1.906037	54.84145
-1.904774	54.84165
-1.9044	54.84217
-1.899353	54.84292
-1.898222	54.8441
-1.898367	54.84516
-1.897478	54.84573
-1.895998	54.84584
-1.894994	54.84553
-1.89449	54.84504
-1.895219	54.84467
-1.894055	54.84368
-1.889442	54.84399
-1.887564	54.8436
-1.884537	54.84577
-1.881856	54.84682
-1.881381	54.84659
-1.87798	54.84715
-1.877016	54.84811
-1.87041	54.85067
-1.869459	54.85188
-1.869472	54.85282
-1.866901	54.85388
-1.866601	54.85539
-1.867413	54.85691
-1.868724	54.85768
-1.870559	54.85956
-1.869725	54.8603
-1.869671	54.86156
-1.866454	54.86407
-1.864938	54.86439
-1.861278	54.86643
-1.859779	54.8692
-1.860829	54.87115
-1.859909	54.87271
-1.860049	54.87803
-1.857766	54.87935
-1.853265	54.88021
-1.85227	54.88309
-1.853053	54.88327
-1.852957	54.88354
-1.852346	54.88426
-1.850964	54.88469
-1.851344	54.88633
-1.85516	54.88904
-1.855079	54.89029
-1.854437	54.89118
-1.854029	54.89132
-1.848621	54.88977
-1.847475	54.88978
-1.845638	54.89104
-1.844506	54.8927
-1.845875	54.89608
-1.845449	54.8969
-1.843564	54.89724
-1.839119	54.89731
-1.834687	54.89903
-1.830512	54.9016
-1.827697	54.90549
-1.825255	54.90579
-1.821498	54.90543
-1.820641	54.90578
-1.819256	54.90592
-1.81665	54.90535
-1.814817	54.90534
-1.810496	54.90665
-1.807384	54.90725
-1.805806	54.90624
-1.805758	54.90523
-1.804617	54.90456
-1.80277	54.90458
-1.800073	54.9061
-1.798826	54.90566
-1.796222	54.9037
-1.794926	54.90355
-1.794101	54.90395
-1.794009	54.90519
-1.792981	54.90643
-1.791106	54.90802
-1.791109	54.90874
-1.785813	54.90912
-1.783175	54.90976
-1.782464	54.91004
-1.782377	54.91117
-1.781757	54.91154
-1.776419	54.90997
-1.772703	54.90785
-1.770857	54.90718
-1.769252	54.90672
-1.768107	54.90692
-1.767826	54.90817
-1.768244	54.90892
-1.767187	54.90964
-1.766395	54.90956
-1.766109	54.90889
-1.765359	54.90855
-1.76207	54.9083
-1.760826	54.90851
-1.76022	54.90907
-1.759875	54.91079
-1.757086	54.91158
-1.755432	54.91266
-1.751861	54.91654
-1.750572	54.91742
-1.748311	54.91767
-1.747365	54.9174
-1.746217	54.91651
-1.742402	54.91737
-1.739626	54.91684
-1.737591	54.9187
-1.73416	54.91817
